Fitness,Depth,Nodes,Generations,time_since_the_start_of_the_evolution,seed,genotype_as_str
105.0,6,17,1,1.0731112957000732,27,"NT_0017_P_00002(__a=37, __b=NT_0013_P_00003(__a=NT_0003_P_00001(__a=NT_0000_P_00000(__a=True, __b=32), __b=33), __b=NT_0010_P_00000(__a=True)), __c=NT_0003_P_00002(__a=NT_0003_P_00002(__a=NT_0003_P_00000(__a=NT_0003_P_00001(__a=NT_0000_P_00000(__a=False, __b=17), __b=37), __b=0), __b=NT_0001_P_00001(__a=False), __c=NT_0000_P_00001()), __b=NT_0001_P_00000(__a=NT_0001_P_00000(__a=NT_0001_P_00000(__a=NT_0001_P_00001(__a=True)))), __c=NT_0000_P_00002(__a=NT_0000_P_00002(__a=NT_0000_P_00001()))))"
100.0,9,19,2,2.578059434890747,27,"NT_0017_P_00002(__a=89, __b=NT_0013_P_00000(__a=NT_0013_P_00003(__a=NT_0003_P_00000(__a=NT_0003_P_00002(__a=NT_0003_P_00001(__a=NT_0000_P_00002(__a=NT_0000_P_00002(__a=NT_0000_P_00002(__a=NT_0000_P_00001()))), __b=55), __b=NT_0001_P_00000(__a=NT_0001_P_00001(__a=False)), __c=NT_0000_P_00000(__a=True, __b=93)), __b=87), __b=NT_0010_P_00001(__a=NT_0010_P_00000(__a=True)))), __c=NT_0003_P_00001(__a=NT_0000_P_00002(__a=NT_0000_P_00002(__a=NT_0000_P_00002(__a=NT_0000_P_00002(__a=NT_0000_P_00001())))), __b=55))"
94.0,9,17,3,3.440178155899048,27,"NT_0017_P_00000(__a=NT_0013_P_00000(__a=NT_0013_P_00003(__a=NT_0003_P_00000(__a=NT_0003_P_00002(__a=NT_0003_P_00002(__a=NT_0003_P_00002(__a=NT_0003_P_00003(), __b=NT_0001_P_00001(__a=False), __c=NT_0000_P_00000(__a=True, __b=24)), __b=NT_0001_P_00001(__a=True), __c=NT_0000_P_00002(__a=NT_0000_P_00001())), __b=NT_0001_P_00000(__a=NT_0001_P_00000(__a=NT_0001_P_00000(__a=NT_0001_P_00001(__a=False)))), __c=NT_0000_P_00001()), __b=67), __b=NT_0010_P_00000(__a=False))), __b=NT_0001_P_00001(__a=True))"
94.0,9,17,4,4.153245687484741,27,"NT_0017_P_00000(__a=NT_0013_P_00000(__a=NT_0013_P_00003(__a=NT_0003_P_00000(__a=NT_0003_P_00002(__a=NT_0003_P_00002(__a=NT_0003_P_00002(__a=NT_0003_P_00003(), __b=NT_0001_P_00001(__a=False), __c=NT_0000_P_00000(__a=True, __b=24)), __b=NT_0001_P_00001(__a=True), __c=NT_0000_P_00002(__a=NT_0000_P_00001())), __b=NT_0001_P_00000(__a=NT_0001_P_00000(__a=NT_0001_P_00000(__a=NT_0001_P_00001(__a=False)))), __c=NT_0000_P_00001()), __b=67), __b=NT_0010_P_00000(__a=False))), __b=NT_0001_P_00001(__a=True))"
94.0,9,17,5,4.835735559463501,27,"NT_0017_P_00000(__a=NT_0013_P_00000(__a=NT_0013_P_00003(__a=NT_0003_P_00000(__a=NT_0003_P_00002(__a=NT_0003_P_00002(__a=NT_0003_P_00002(__a=NT_0003_P_00003(), __b=NT_0001_P_00001(__a=False), __c=NT_0000_P_00000(__a=True, __b=24)), __b=NT_0001_P_00001(__a=True), __c=NT_0000_P_00002(__a=NT_0000_P_00001())), __b=NT_0001_P_00000(__a=NT_0001_P_00000(__a=NT_0001_P_00000(__a=NT_0001_P_00001(__a=False)))), __c=NT_0000_P_00001()), __b=67), __b=NT_0010_P_00000(__a=False))), __b=NT_0001_P_00001(__a=True))"
94.0,9,17,6,5.585233211517334,27,"NT_0017_P_00000(__a=NT_0013_P_00000(__a=NT_0013_P_00003(__a=NT_0003_P_00000(__a=NT_0003_P_00002(__a=NT_0003_P_00002(__a=NT_0003_P_00002(__a=NT_0003_P_00003(), __b=NT_0001_P_00001(__a=False), __c=NT_0000_P_00000(__a=True, __b=24)), __b=NT_0001_P_00001(__a=True), __c=NT_0000_P_00002(__a=NT_0000_P_00001())), __b=NT_0001_P_00000(__a=NT_0001_P_00000(__a=NT_0001_P_00000(__a=NT_0001_P_00001(__a=False)))), __c=NT_0000_P_00001()), __b=67), __b=NT_0010_P_00000(__a=False))), __b=NT_0001_P_00001(__a=True))"
94.0,9,17,7,6.455807447433472,27,"NT_0017_P_00000(__a=NT_0013_P_00000(__a=NT_0013_P_00003(__a=NT_0003_P_00000(__a=NT_0003_P_00002(__a=NT_0003_P_00002(__a=NT_0003_P_00002(__a=NT_0003_P_00003(), __b=NT_0001_P_00001(__a=False), __c=NT_0000_P_00000(__a=True, __b=24)), __b=NT_0001_P_00001(__a=True), __c=NT_0000_P_00002(__a=NT_0000_P_00001())), __b=NT_0001_P_00000(__a=NT_0001_P_00000(__a=NT_0001_P_00000(__a=NT_0001_P_00001(__a=False)))), __c=NT_0000_P_00001()), __b=67), __b=NT_0010_P_00000(__a=False))), __b=NT_0001_P_00001(__a=True))"
94.0,9,17,8,7.211015462875366,27,"NT_0017_P_00000(__a=NT_0013_P_00000(__a=NT_0013_P_00003(__a=NT_0003_P_00000(__a=NT_0003_P_00002(__a=NT_0003_P_00002(__a=NT_0003_P_00002(__a=NT_0003_P_00003(), __b=NT_0001_P_00001(__a=False), __c=NT_0000_P_00000(__a=True, __b=24)), __b=NT_0001_P_00001(__a=True), __c=NT_0000_P_00002(__a=NT_0000_P_00001())), __b=NT_0001_P_00000(__a=NT_0001_P_00000(__a=NT_0001_P_00000(__a=NT_0001_P_00001(__a=False)))), __c=NT_0000_P_00001()), __b=67), __b=NT_0010_P_00000(__a=False))), __b=NT_0001_P_00001(__a=True))"
94.0,9,17,9,8.103351593017578,27,"NT_0017_P_00000(__a=NT_0013_P_00000(__a=NT_0013_P_00003(__a=NT_0003_P_00000(__a=NT_0003_P_00002(__a=NT_0003_P_00002(__a=NT_0003_P_00002(__a=NT_0003_P_00003(), __b=NT_0001_P_00001(__a=False), __c=NT_0000_P_00000(__a=True, __b=24)), __b=NT_0001_P_00001(__a=True), __c=NT_0000_P_00002(__a=NT_0000_P_00001())), __b=NT_0001_P_00000(__a=NT_0001_P_00000(__a=NT_0001_P_00000(__a=NT_0001_P_00001(__a=False)))), __c=NT_0000_P_00001()), __b=67), __b=NT_0010_P_00000(__a=False))), __b=NT_0001_P_00001(__a=True))"
94.0,9,17,10,8.882908344268799,27,"NT_0017_P_00000(__a=NT_0013_P_00000(__a=NT_0013_P_00003(__a=NT_0003_P_00000(__a=NT_0003_P_00002(__a=NT_0003_P_00002(__a=NT_0003_P_00002(__a=NT_0003_P_00003(), __b=NT_0001_P_00001(__a=False), __c=NT_0000_P_00000(__a=True, __b=24)), __b=NT_0001_P_00001(__a=True), __c=NT_0000_P_00002(__a=NT_0000_P_00001())), __b=NT_0001_P_00000(__a=NT_0001_P_00000(__a=NT_0001_P_00000(__a=NT_0001_P_00001(__a=False)))), __c=NT_0000_P_00001()), __b=67), __b=NT_0010_P_00000(__a=False))), __b=NT_0001_P_00001(__a=True))"
94.0,9,17,11,9.578303337097168,27,"NT_0017_P_00000(__a=NT_0013_P_00000(__a=NT_0013_P_00003(__a=NT_0003_P_00000(__a=NT_0003_P_00002(__a=NT_0003_P_00002(__a=NT_0003_P_00002(__a=NT_0003_P_00003(), __b=NT_0001_P_00001(__a=False), __c=NT_0000_P_00000(__a=True, __b=24)), __b=NT_0001_P_00001(__a=True), __c=NT_0000_P_00002(__a=NT_0000_P_00001())), __b=NT_0001_P_00000(__a=NT_0001_P_00000(__a=NT_0001_P_00000(__a=NT_0001_P_00001(__a=False)))), __c=NT_0000_P_00001()), __b=67), __b=NT_0010_P_00000(__a=False))), __b=NT_0001_P_00001(__a=True))"
93.0,10,18,12,10.413807153701782,27,"NT_0017_P_00002(__a=37, __b=NT_0013_P_00003(__a=NT_0003_P_00001(__a=NT_0000_P_00002(__a=NT_0000_P_00000(__a=True, __b=32)), __b=33), __b=NT_0010_P_00000(__a=True)), __c=NT_0003_P_00002(__a=NT_0003_P_00002(__a=NT_0003_P_00001(__a=NT_0000_P_00002(__a=NT_0000_P_00002(__a=NT_0000_P_00002(__a=NT_0000_P_00002(__a=NT_0000_P_00002(__a=NT_0000_P_00002(__a=NT_0000_P_00001())))))), __b=50), __b=NT_0001_P_00001(__a=False), __c=NT_0000_P_00001()), __b=NT_0001_P_00001(__a=True), __c=NT_0000_P_00002(__a=NT_0000_P_00001())))"
82.0,7,16,13,11.262784242630005,27,"NT_0017_P_00002(__a=37, __b=NT_0013_P_00003(__a=NT_0003_P_00001(__a=NT_0000_P_00002(__a=NT_0000_P_00000(__a=True, __b=32)), __b=33), __b=NT_0010_P_00000(__a=True)), __c=NT_0003_P_00002(__a=NT_0003_P_00002(__a=NT_0003_P_00002(__a=NT_0003_P_00000(__a=NT_0003_P_00003(), __b=88), __b=NT_0001_P_00000(__a=NT_0001_P_00000(__a=NT_0001_P_00001(__a=False))), __c=NT_0000_P_00001()), __b=NT_0001_P_00001(__a=False), __c=NT_0000_P_00001()), __b=NT_0001_P_00001(__a=True), __c=NT_0000_P_00002(__a=NT_0000_P_00001())))"
82.0,7,16,14,12.11056399345398,27,"NT_0017_P_00002(__a=37, __b=NT_0013_P_00003(__a=NT_0003_P_00001(__a=NT_0000_P_00002(__a=NT_0000_P_00000(__a=True, __b=32)), __b=33), __b=NT_0010_P_00000(__a=True)), __c=NT_0003_P_00002(__a=NT_0003_P_00002(__a=NT_0003_P_00002(__a=NT_0003_P_00000(__a=NT_0003_P_00003(), __b=88), __b=NT_0001_P_00000(__a=NT_0001_P_00000(__a=NT_0001_P_00001(__a=False))), __c=NT_0000_P_00001()), __b=NT_0001_P_00001(__a=False), __c=NT_0000_P_00001()), __b=NT_0001_P_00001(__a=True), __c=NT_0000_P_00002(__a=NT_0000_P_00001())))"
82.0,7,16,15,12.721578598022461,27,"NT_0017_P_00002(__a=37, __b=NT_0013_P_00003(__a=NT_0003_P_00001(__a=NT_0000_P_00002(__a=NT_0000_P_00000(__a=True, __b=32)), __b=33), __b=NT_0010_P_00000(__a=True)), __c=NT_0003_P_00002(__a=NT_0003_P_00002(__a=NT_0003_P_00002(__a=NT_0003_P_00000(__a=NT_0003_P_00003(), __b=88), __b=NT_0001_P_00000(__a=NT_0001_P_00000(__a=NT_0001_P_00001(__a=False))), __c=NT_0000_P_00001()), __b=NT_0001_P_00001(__a=False), __c=NT_0000_P_00001()), __b=NT_0001_P_00001(__a=True), __c=NT_0000_P_00002(__a=NT_0000_P_00001())))"
82.0,7,16,16,13.26335859298706,27,"NT_0017_P_00002(__a=37, __b=NT_0013_P_00003(__a=NT_0003_P_00001(__a=NT_0000_P_00002(__a=NT_0000_P_00000(__a=True, __b=32)), __b=33), __b=NT_0010_P_00000(__a=True)), __c=NT_0003_P_00002(__a=NT_0003_P_00002(__a=NT_0003_P_00002(__a=NT_0003_P_00000(__a=NT_0003_P_00003(), __b=88), __b=NT_0001_P_00000(__a=NT_0001_P_00000(__a=NT_0001_P_00001(__a=False))), __c=NT_0000_P_00001()), __b=NT_0001_P_00001(__a=False), __c=NT_0000_P_00001()), __b=NT_0001_P_00001(__a=True), __c=NT_0000_P_00002(__a=NT_0000_P_00001())))"
82.0,7,16,17,13.884111166000366,27,"NT_0017_P_00002(__a=37, __b=NT_0013_P_00003(__a=NT_0003_P_00001(__a=NT_0000_P_00002(__a=NT_0000_P_00000(__a=True, __b=32)), __b=33), __b=NT_0010_P_00000(__a=True)), __c=NT_0003_P_00002(__a=NT_0003_P_00002(__a=NT_0003_P_00002(__a=NT_0003_P_00000(__a=NT_0003_P_00003(), __b=88), __b=NT_0001_P_00000(__a=NT_0001_P_00000(__a=NT_0001_P_00001(__a=False))), __c=NT_0000_P_00001()), __b=NT_0001_P_00001(__a=False), __c=NT_0000_P_00001()), __b=NT_0001_P_00001(__a=True), __c=NT_0000_P_00002(__a=NT_0000_P_00001())))"
82.0,7,16,18,14.313589334487915,27,"NT_0017_P_00002(__a=37, __b=NT_0013_P_00003(__a=NT_0003_P_00001(__a=NT_0000_P_00002(__a=NT_0000_P_00000(__a=True, __b=32)), __b=33), __b=NT_0010_P_00000(__a=True)), __c=NT_0003_P_00002(__a=NT_0003_P_00002(__a=NT_0003_P_00002(__a=NT_0003_P_00000(__a=NT_0003_P_00003(), __b=88), __b=NT_0001_P_00000(__a=NT_0001_P_00000(__a=NT_0001_P_00001(__a=False))), __c=NT_0000_P_00001()), __b=NT_0001_P_00001(__a=False), __c=NT_0000_P_00001()), __b=NT_0001_P_00001(__a=True), __c=NT_0000_P_00002(__a=NT_0000_P_00001())))"
82.0,7,16,19,14.667393684387207,27,"NT_0017_P_00002(__a=37, __b=NT_0013_P_00003(__a=NT_0003_P_00001(__a=NT_0000_P_00002(__a=NT_0000_P_00000(__a=True, __b=32)), __b=33), __b=NT_0010_P_00000(__a=True)), __c=NT_0003_P_00002(__a=NT_0003_P_00002(__a=NT_0003_P_00002(__a=NT_0003_P_00000(__a=NT_0003_P_00003(), __b=88), __b=NT_0001_P_00000(__a=NT_0001_P_00000(__a=NT_0001_P_00001(__a=False))), __c=NT_0000_P_00001()), __b=NT_0001_P_00001(__a=False), __c=NT_0000_P_00001()), __b=NT_0001_P_00001(__a=True), __c=NT_0000_P_00002(__a=NT_0000_P_00001())))"
82.0,7,16,20,15.0352942943573,27,"NT_0017_P_00002(__a=37, __b=NT_0013_P_00003(__a=NT_0003_P_00001(__a=NT_0000_P_00002(__a=NT_0000_P_00000(__a=True, __b=32)), __b=33), __b=NT_0010_P_00000(__a=True)), __c=NT_0003_P_00002(__a=NT_0003_P_00002(__a=NT_0003_P_00002(__a=NT_0003_P_00000(__a=NT_0003_P_00003(), __b=88), __b=NT_0001_P_00000(__a=NT_0001_P_00000(__a=NT_0001_P_00001(__a=False))), __c=NT_0000_P_00001()), __b=NT_0001_P_00001(__a=False), __c=NT_0000_P_00001()), __b=NT_0001_P_00001(__a=True), __c=NT_0000_P_00002(__a=NT_0000_P_00001())))"
82.0,7,16,21,15.496790409088135,27,"NT_0017_P_00002(__a=37, __b=NT_0013_P_00003(__a=NT_0003_P_00001(__a=NT_0000_P_00002(__a=NT_0000_P_00000(__a=True, __b=32)), __b=33), __b=NT_0010_P_00000(__a=True)), __c=NT_0003_P_00002(__a=NT_0003_P_00002(__a=NT_0003_P_00002(__a=NT_0003_P_00000(__a=NT_0003_P_00003(), __b=88), __b=NT_0001_P_00000(__a=NT_0001_P_00000(__a=NT_0001_P_00001(__a=False))), __c=NT_0000_P_00001()), __b=NT_0001_P_00001(__a=False), __c=NT_0000_P_00001()), __b=NT_0001_P_00001(__a=True), __c=NT_0000_P_00002(__a=NT_0000_P_00001())))"
82.0,7,16,22,16.07757878303528,27,"NT_0017_P_00002(__a=37, __b=NT_0013_P_00003(__a=NT_0003_P_00001(__a=NT_0000_P_00002(__a=NT_0000_P_00000(__a=True, __b=32)), __b=33), __b=NT_0010_P_00000(__a=True)), __c=NT_0003_P_00002(__a=NT_0003_P_00002(__a=NT_0003_P_00002(__a=NT_0003_P_00000(__a=NT_0003_P_00003(), __b=88), __b=NT_0001_P_00000(__a=NT_0001_P_00000(__a=NT_0001_P_00001(__a=False))), __c=NT_0000_P_00001()), __b=NT_0001_P_00001(__a=False), __c=NT_0000_P_00001()), __b=NT_0001_P_00001(__a=True), __c=NT_0000_P_00002(__a=NT_0000_P_00001())))"
82.0,7,16,23,16.495952129364014,27,"NT_0017_P_00002(__a=37, __b=NT_0013_P_00003(__a=NT_0003_P_00001(__a=NT_0000_P_00002(__a=NT_0000_P_00000(__a=True, __b=32)), __b=33), __b=NT_0010_P_00000(__a=True)), __c=NT_0003_P_00002(__a=NT_0003_P_00002(__a=NT_0003_P_00002(__a=NT_0003_P_00000(__a=NT_0003_P_00003(), __b=88), __b=NT_0001_P_00000(__a=NT_0001_P_00000(__a=NT_0001_P_00001(__a=False))), __c=NT_0000_P_00001()), __b=NT_0001_P_00001(__a=False), __c=NT_0000_P_00001()), __b=NT_0001_P_00001(__a=True), __c=NT_0000_P_00002(__a=NT_0000_P_00001())))"
82.0,7,16,24,17.07917284965515,27,"NT_0017_P_00002(__a=37, __b=NT_0013_P_00003(__a=NT_0003_P_00001(__a=NT_0000_P_00002(__a=NT_0000_P_00000(__a=True, __b=32)), __b=33), __b=NT_0010_P_00000(__a=True)), __c=NT_0003_P_00002(__a=NT_0003_P_00002(__a=NT_0003_P_00002(__a=NT_0003_P_00000(__a=NT_0003_P_00003(), __b=88), __b=NT_0001_P_00000(__a=NT_0001_P_00000(__a=NT_0001_P_00001(__a=False))), __c=NT_0000_P_00001()), __b=NT_0001_P_00001(__a=False), __c=NT_0000_P_00001()), __b=NT_0001_P_00001(__a=True), __c=NT_0000_P_00002(__a=NT_0000_P_00001())))"
81.0,9,18,25,17.53360605239868,27,"NT_0017_P_00000(__a=NT_0013_P_00001(__a=NT_0012_P_00002(__a=NT_0007_P_00000(__a=NT_0005_P_00002(__a=90), __b=NT_0003_P_00002(__a=NT_0003_P_00001(__a=NT_0000_P_00002(__a=NT_0000_P_00002(__a=NT_0000_P_00000(__a=False, __b=56))), __b=17), __b=NT_0001_P_00000(__a=NT_0001_P_00000(__a=NT_0001_P_00001(__a=True))), __c=NT_0000_P_00001()), __c=5), __b=93), __b=NT_0008_P_00001(__a=NT_0006_P_00000(__a=26, __b=NT_0005_P_00001(__a=NT_0000_P_00001()), __c=NT_0000_P_00000(__a=False, __b=74)))), __b=NT_0001_P_00001(__a=True))"
81.0,9,18,26,17.939702033996582,27,"NT_0017_P_00000(__a=NT_0013_P_00001(__a=NT_0012_P_00002(__a=NT_0007_P_00000(__a=NT_0005_P_00002(__a=90), __b=NT_0003_P_00002(__a=NT_0003_P_00001(__a=NT_0000_P_00002(__a=NT_0000_P_00002(__a=NT_0000_P_00000(__a=False, __b=56))), __b=17), __b=NT_0001_P_00000(__a=NT_0001_P_00000(__a=NT_0001_P_00001(__a=True))), __c=NT_0000_P_00001()), __c=5), __b=93), __b=NT_0008_P_00001(__a=NT_0006_P_00000(__a=26, __b=NT_0005_P_00001(__a=NT_0000_P_00001()), __c=NT_0000_P_00000(__a=False, __b=74)))), __b=NT_0001_P_00001(__a=True))"
80.0,9,18,27,18.35240364074707,27,"NT_0017_P_00000(__a=NT_0013_P_00001(__a=NT_0012_P_00002(__a=NT_0007_P_00000(__a=NT_0005_P_00002(__a=87), __b=NT_0003_P_00002(__a=NT_0003_P_00001(__a=NT_0000_P_00002(__a=NT_0000_P_00002(__a=NT_0000_P_00000(__a=False, __b=56))), __b=17), __b=NT_0001_P_00000(__a=NT_0001_P_00000(__a=NT_0001_P_00001(__a=True))), __c=NT_0000_P_00001()), __c=5), __b=93), __b=NT_0008_P_00001(__a=NT_0006_P_00000(__a=26, __b=NT_0005_P_00002(__a=41), __c=NT_0000_P_00000(__a=False, __b=74)))), __b=NT_0001_P_00001(__a=True))"
80.0,9,18,28,18.700456857681274,27,"NT_0017_P_00000(__a=NT_0013_P_00001(__a=NT_0012_P_00002(__a=NT_0007_P_00000(__a=NT_0005_P_00002(__a=87), __b=NT_0003_P_00002(__a=NT_0003_P_00001(__a=NT_0000_P_00002(__a=NT_0000_P_00002(__a=NT_0000_P_00000(__a=False, __b=56))), __b=17), __b=NT_0001_P_00000(__a=NT_0001_P_00000(__a=NT_0001_P_00001(__a=True))), __c=NT_0000_P_00001()), __c=5), __b=93), __b=NT_0008_P_00001(__a=NT_0006_P_00000(__a=26, __b=NT_0005_P_00002(__a=41), __c=NT_0000_P_00000(__a=False, __b=74)))), __b=NT_0001_P_00001(__a=True))"
80.0,9,18,29,19.154353141784668,27,"NT_0017_P_00000(__a=NT_0013_P_00001(__a=NT_0012_P_00002(__a=NT_0007_P_00000(__a=NT_0005_P_00002(__a=87), __b=NT_0003_P_00002(__a=NT_0003_P_00001(__a=NT_0000_P_00002(__a=NT_0000_P_00002(__a=NT_0000_P_00000(__a=False, __b=56))), __b=17), __b=NT_0001_P_00000(__a=NT_0001_P_00000(__a=NT_0001_P_00001(__a=True))), __c=NT_0000_P_00001()), __c=5), __b=93), __b=NT_0008_P_00001(__a=NT_0006_P_00000(__a=26, __b=NT_0005_P_00002(__a=41), __c=NT_0000_P_00000(__a=False, __b=74)))), __b=NT_0001_P_00001(__a=True))"
80.0,9,18,30,19.591923475265503,27,"NT_0017_P_00000(__a=NT_0013_P_00001(__a=NT_0012_P_00002(__a=NT_0007_P_00000(__a=NT_0005_P_00002(__a=87), __b=NT_0003_P_00002(__a=NT_0003_P_00001(__a=NT_0000_P_00002(__a=NT_0000_P_00002(__a=NT_0000_P_00000(__a=False, __b=56))), __b=17), __b=NT_0001_P_00000(__a=NT_0001_P_00000(__a=NT_0001_P_00001(__a=True))), __c=NT_0000_P_00001()), __c=5), __b=93), __b=NT_0008_P_00001(__a=NT_0006_P_00000(__a=26, __b=NT_0005_P_00002(__a=41), __c=NT_0000_P_00000(__a=False, __b=74)))), __b=NT_0001_P_00001(__a=True))"
78.0,9,18,31,20.157346487045288,27,"NT_0017_P_00000(__a=NT_0013_P_00001(__a=NT_0012_P_00002(__a=NT_0007_P_00000(__a=NT_0005_P_00002(__a=87), __b=NT_0003_P_00002(__a=NT_0003_P_00001(__a=NT_0000_P_00002(__a=NT_0000_P_00002(__a=NT_0000_P_00000(__a=False, __b=56))), __b=17), __b=NT_0001_P_00001(__a=True), __c=NT_0000_P_00001()), __c=5), __b=93), __b=NT_0008_P_00001(__a=NT_0006_P_00000(__a=26, __b=NT_0005_P_00001(__a=NT_0000_P_00002(__a=NT_0000_P_00000(__a=False, __b=98))), __c=NT_0000_P_00000(__a=False, __b=74)))), __b=NT_0001_P_00001(__a=True))"
78.0,9,18,32,20.61503505706787,27,"NT_0017_P_00000(__a=NT_0013_P_00001(__a=NT_0012_P_00002(__a=NT_0007_P_00000(__a=NT_0005_P_00002(__a=87), __b=NT_0003_P_00002(__a=NT_0003_P_00001(__a=NT_0000_P_00002(__a=NT_0000_P_00002(__a=NT_0000_P_00000(__a=False, __b=56))), __b=17), __b=NT_0001_P_00001(__a=True), __c=NT_0000_P_00001()), __c=5), __b=93), __b=NT_0008_P_00001(__a=NT_0006_P_00000(__a=26, __b=NT_0005_P_00001(__a=NT_0000_P_00002(__a=NT_0000_P_00000(__a=False, __b=98))), __c=NT_0000_P_00000(__a=False, __b=74)))), __b=NT_0001_P_00001(__a=True))"
78.0,9,18,33,21.272722244262695,27,"NT_0017_P_00000(__a=NT_0013_P_00001(__a=NT_0012_P_00002(__a=NT_0007_P_00000(__a=NT_0005_P_00002(__a=87), __b=NT_0003_P_00002(__a=NT_0003_P_00001(__a=NT_0000_P_00002(__a=NT_0000_P_00002(__a=NT_0000_P_00000(__a=False, __b=56))), __b=17), __b=NT_0001_P_00001(__a=True), __c=NT_0000_P_00001()), __c=5), __b=93), __b=NT_0008_P_00001(__a=NT_0006_P_00000(__a=26, __b=NT_0005_P_00001(__a=NT_0000_P_00002(__a=NT_0000_P_00000(__a=False, __b=98))), __c=NT_0000_P_00000(__a=False, __b=74)))), __b=NT_0001_P_00001(__a=True))"
67.0,9,18,34,21.844779014587402,27,"NT_0017_P_00000(__a=NT_0013_P_00001(__a=NT_0012_P_00002(__a=NT_0007_P_00000(__a=NT_0005_P_00002(__a=90), __b=NT_0003_P_00002(__a=NT_0003_P_00001(__a=NT_0000_P_00002(__a=NT_0000_P_00002(__a=NT_0000_P_00000(__a=False, __b=56))), __b=17), __b=NT_0001_P_00000(__a=NT_0001_P_00001(__a=True)), __c=NT_0000_P_00001()), __c=5), __b=93), __b=NT_0008_P_00001(__a=NT_0006_P_00000(__a=26, __b=NT_0005_P_00001(__a=NT_0000_P_00000(__a=True, __b=18)), __c=NT_0000_P_00000(__a=False, __b=74)))), __b=NT_0001_P_00001(__a=True))"
67.0,9,18,35,22.349652528762817,27,"NT_0017_P_00000(__a=NT_0013_P_00001(__a=NT_0012_P_00002(__a=NT_0007_P_00000(__a=NT_0005_P_00002(__a=90), __b=NT_0003_P_00002(__a=NT_0003_P_00001(__a=NT_0000_P_00002(__a=NT_0000_P_00002(__a=NT_0000_P_00000(__a=False, __b=56))), __b=17), __b=NT_0001_P_00000(__a=NT_0001_P_00001(__a=True)), __c=NT_0000_P_00001()), __c=5), __b=93), __b=NT_0008_P_00001(__a=NT_0006_P_00000(__a=26, __b=NT_0005_P_00001(__a=NT_0000_P_00000(__a=True, __b=18)), __c=NT_0000_P_00000(__a=False, __b=74)))), __b=NT_0001_P_00001(__a=True))"
67.0,9,18,36,22.813767194747925,27,"NT_0017_P_00000(__a=NT_0013_P_00001(__a=NT_0012_P_00002(__a=NT_0007_P_00000(__a=NT_0005_P_00002(__a=90), __b=NT_0003_P_00002(__a=NT_0003_P_00001(__a=NT_0000_P_00002(__a=NT_0000_P_00002(__a=NT_0000_P_00000(__a=False, __b=56))), __b=17), __b=NT_0001_P_00000(__a=NT_0001_P_00001(__a=True)), __c=NT_0000_P_00001()), __c=5), __b=93), __b=NT_0008_P_00001(__a=NT_0006_P_00000(__a=26, __b=NT_0005_P_00001(__a=NT_0000_P_00000(__a=True, __b=18)), __c=NT_0000_P_00000(__a=False, __b=74)))), __b=NT_0001_P_00001(__a=True))"
67.0,9,18,37,23.341983795166016,27,"NT_0017_P_00000(__a=NT_0013_P_00001(__a=NT_0012_P_00002(__a=NT_0007_P_00000(__a=NT_0005_P_00002(__a=90), __b=NT_0003_P_00002(__a=NT_0003_P_00001(__a=NT_0000_P_00002(__a=NT_0000_P_00002(__a=NT_0000_P_00000(__a=False, __b=56))), __b=17), __b=NT_0001_P_00000(__a=NT_0001_P_00001(__a=True)), __c=NT_0000_P_00001()), __c=5), __b=93), __b=NT_0008_P_00001(__a=NT_0006_P_00000(__a=26, __b=NT_0005_P_00001(__a=NT_0000_P_00000(__a=True, __b=18)), __c=NT_0000_P_00000(__a=False, __b=74)))), __b=NT_0001_P_00001(__a=True))"
67.0,9,18,38,23.929980754852295,27,"NT_0017_P_00000(__a=NT_0013_P_00001(__a=NT_0012_P_00002(__a=NT_0007_P_00000(__a=NT_0005_P_00002(__a=90), __b=NT_0003_P_00002(__a=NT_0003_P_00001(__a=NT_0000_P_00002(__a=NT_0000_P_00002(__a=NT_0000_P_00000(__a=False, __b=56))), __b=17), __b=NT_0001_P_00000(__a=NT_0001_P_00001(__a=True)), __c=NT_0000_P_00001()), __c=5), __b=93), __b=NT_0008_P_00001(__a=NT_0006_P_00000(__a=26, __b=NT_0005_P_00001(__a=NT_0000_P_00000(__a=True, __b=18)), __c=NT_0000_P_00000(__a=False, __b=74)))), __b=NT_0001_P_00001(__a=True))"
67.0,9,18,39,24.372807025909424,27,"NT_0017_P_00000(__a=NT_0013_P_00001(__a=NT_0012_P_00002(__a=NT_0007_P_00000(__a=NT_0005_P_00002(__a=90), __b=NT_0003_P_00002(__a=NT_0003_P_00001(__a=NT_0000_P_00002(__a=NT_0000_P_00002(__a=NT_0000_P_00000(__a=False, __b=56))), __b=17), __b=NT_0001_P_00000(__a=NT_0001_P_00001(__a=True)), __c=NT_0000_P_00001()), __c=5), __b=93), __b=NT_0008_P_00001(__a=NT_0006_P_00000(__a=26, __b=NT_0005_P_00001(__a=NT_0000_P_00000(__a=True, __b=18)), __c=NT_0000_P_00000(__a=False, __b=74)))), __b=NT_0001_P_00001(__a=True))"
67.0,9,18,40,24.754051685333252,27,"NT_0017_P_00000(__a=NT_0013_P_00001(__a=NT_0012_P_00002(__a=NT_0007_P_00000(__a=NT_0005_P_00002(__a=90), __b=NT_0003_P_00002(__a=NT_0003_P_00001(__a=NT_0000_P_00002(__a=NT_0000_P_00002(__a=NT_0000_P_00000(__a=False, __b=56))), __b=17), __b=NT_0001_P_00000(__a=NT_0001_P_00001(__a=True)), __c=NT_0000_P_00001()), __c=5), __b=93), __b=NT_0008_P_00001(__a=NT_0006_P_00000(__a=26, __b=NT_0005_P_00001(__a=NT_0000_P_00000(__a=True, __b=18)), __c=NT_0000_P_00000(__a=False, __b=74)))), __b=NT_0001_P_00001(__a=True))"
66.0,9,18,41,25.10728907585144,27,"NT_0017_P_00000(__a=NT_0013_P_00001(__a=NT_0012_P_00002(__a=NT_0007_P_00000(__a=NT_0005_P_00002(__a=37), __b=NT_0003_P_00002(__a=NT_0003_P_00001(__a=NT_0000_P_00002(__a=NT_0000_P_00002(__a=NT_0000_P_00000(__a=False, __b=56))), __b=17), __b=NT_0001_P_00000(__a=NT_0001_P_00001(__a=True)), __c=NT_0000_P_00001()), __c=5), __b=93), __b=NT_0008_P_00001(__a=NT_0006_P_00000(__a=26, __b=NT_0005_P_00001(__a=NT_0000_P_00000(__a=True, __b=18)), __c=NT_0000_P_00000(__a=False, __b=74)))), __b=NT_0001_P_00001(__a=True))"
66.0,9,18,42,25.45953130722046,27,"NT_0017_P_00000(__a=NT_0013_P_00001(__a=NT_0012_P_00002(__a=NT_0007_P_00000(__a=NT_0005_P_00002(__a=37), __b=NT_0003_P_00002(__a=NT_0003_P_00001(__a=NT_0000_P_00002(__a=NT_0000_P_00002(__a=NT_0000_P_00000(__a=False, __b=56))), __b=17), __b=NT_0001_P_00000(__a=NT_0001_P_00001(__a=True)), __c=NT_0000_P_00001()), __c=5), __b=93), __b=NT_0008_P_00001(__a=NT_0006_P_00000(__a=26, __b=NT_0005_P_00001(__a=NT_0000_P_00000(__a=True, __b=18)), __c=NT_0000_P_00000(__a=False, __b=74)))), __b=NT_0001_P_00001(__a=True))"
66.0,9,18,43,25.836161613464355,27,"NT_0017_P_00000(__a=NT_0013_P_00001(__a=NT_0012_P_00002(__a=NT_0007_P_00000(__a=NT_0005_P_00002(__a=37), __b=NT_0003_P_00002(__a=NT_0003_P_00001(__a=NT_0000_P_00002(__a=NT_0000_P_00002(__a=NT_0000_P_00000(__a=False, __b=56))), __b=17), __b=NT_0001_P_00000(__a=NT_0001_P_00001(__a=True)), __c=NT_0000_P_00001()), __c=5), __b=93), __b=NT_0008_P_00001(__a=NT_0006_P_00000(__a=26, __b=NT_0005_P_00001(__a=NT_0000_P_00000(__a=True, __b=18)), __c=NT_0000_P_00000(__a=False, __b=74)))), __b=NT_0001_P_00001(__a=True))"
66.0,9,18,44,26.15220332145691,27,"NT_0017_P_00000(__a=NT_0013_P_00001(__a=NT_0012_P_00002(__a=NT_0007_P_00000(__a=NT_0005_P_00002(__a=37), __b=NT_0003_P_00002(__a=NT_0003_P_00001(__a=NT_0000_P_00002(__a=NT_0000_P_00002(__a=NT_0000_P_00000(__a=False, __b=56))), __b=17), __b=NT_0001_P_00000(__a=NT_0001_P_00001(__a=True)), __c=NT_0000_P_00001()), __c=5), __b=93), __b=NT_0008_P_00001(__a=NT_0006_P_00000(__a=26, __b=NT_0005_P_00001(__a=NT_0000_P_00000(__a=True, __b=18)), __c=NT_0000_P_00000(__a=False, __b=74)))), __b=NT_0001_P_00001(__a=True))"
66.0,9,18,45,26.453911066055298,27,"NT_0017_P_00000(__a=NT_0013_P_00001(__a=NT_0012_P_00002(__a=NT_0007_P_00000(__a=NT_0005_P_00002(__a=37), __b=NT_0003_P_00002(__a=NT_0003_P_00001(__a=NT_0000_P_00002(__a=NT_0000_P_00002(__a=NT_0000_P_00000(__a=False, __b=56))), __b=17), __b=NT_0001_P_00000(__a=NT_0001_P_00001(__a=True)), __c=NT_0000_P_00001()), __c=5), __b=93), __b=NT_0008_P_00001(__a=NT_0006_P_00000(__a=26, __b=NT_0005_P_00001(__a=NT_0000_P_00000(__a=True, __b=18)), __c=NT_0000_P_00000(__a=False, __b=74)))), __b=NT_0001_P_00001(__a=True))"
66.0,9,18,46,26.948886156082153,27,"NT_0017_P_00000(__a=NT_0013_P_00001(__a=NT_0012_P_00002(__a=NT_0007_P_00000(__a=NT_0005_P_00002(__a=37), __b=NT_0003_P_00002(__a=NT_0003_P_00001(__a=NT_0000_P_00002(__a=NT_0000_P_00002(__a=NT_0000_P_00000(__a=False, __b=56))), __b=17), __b=NT_0001_P_00000(__a=NT_0001_P_00001(__a=True)), __c=NT_0000_P_00001()), __c=5), __b=93), __b=NT_0008_P_00001(__a=NT_0006_P_00000(__a=26, __b=NT_0005_P_00001(__a=NT_0000_P_00000(__a=True, __b=18)), __c=NT_0000_P_00000(__a=False, __b=74)))), __b=NT_0001_P_00001(__a=True))"
66.0,9,18,47,27.391240119934082,27,"NT_0017_P_00000(__a=NT_0013_P_00001(__a=NT_0012_P_00002(__a=NT_0007_P_00000(__a=NT_0005_P_00002(__a=37), __b=NT_0003_P_00002(__a=NT_0003_P_00001(__a=NT_0000_P_00002(__a=NT_0000_P_00002(__a=NT_0000_P_00000(__a=False, __b=56))), __b=17), __b=NT_0001_P_00000(__a=NT_0001_P_00001(__a=True)), __c=NT_0000_P_00001()), __c=5), __b=93), __b=NT_0008_P_00001(__a=NT_0006_P_00000(__a=26, __b=NT_0005_P_00001(__a=NT_0000_P_00000(__a=True, __b=18)), __c=NT_0000_P_00000(__a=False, __b=74)))), __b=NT_0001_P_00001(__a=True))"
66.0,9,18,48,27.68481945991516,27,"NT_0017_P_00000(__a=NT_0013_P_00001(__a=NT_0012_P_00002(__a=NT_0007_P_00000(__a=NT_0005_P_00002(__a=37), __b=NT_0003_P_00002(__a=NT_0003_P_00001(__a=NT_0000_P_00002(__a=NT_0000_P_00002(__a=NT_0000_P_00000(__a=False, __b=56))), __b=17), __b=NT_0001_P_00000(__a=NT_0001_P_00001(__a=True)), __c=NT_0000_P_00001()), __c=5), __b=93), __b=NT_0008_P_00001(__a=NT_0006_P_00000(__a=26, __b=NT_0005_P_00001(__a=NT_0000_P_00000(__a=True, __b=18)), __c=NT_0000_P_00000(__a=False, __b=74)))), __b=NT_0001_P_00001(__a=True))"
66.0,9,18,49,28.054375648498535,27,"NT_0017_P_00000(__a=NT_0013_P_00001(__a=NT_0012_P_00002(__a=NT_0007_P_00000(__a=NT_0005_P_00002(__a=37), __b=NT_0003_P_00002(__a=NT_0003_P_00001(__a=NT_0000_P_00002(__a=NT_0000_P_00002(__a=NT_0000_P_00000(__a=False, __b=56))), __b=17), __b=NT_0001_P_00000(__a=NT_0001_P_00001(__a=True)), __c=NT_0000_P_00001()), __c=5), __b=93), __b=NT_0008_P_00001(__a=NT_0006_P_00000(__a=26, __b=NT_0005_P_00001(__a=NT_0000_P_00000(__a=True, __b=18)), __c=NT_0000_P_00000(__a=False, __b=74)))), __b=NT_0001_P_00001(__a=True))"
66.0,9,18,50,28.449315309524536,27,"NT_0017_P_00000(__a=NT_0013_P_00001(__a=NT_0012_P_00002(__a=NT_0007_P_00000(__a=NT_0005_P_00002(__a=37), __b=NT_0003_P_00002(__a=NT_0003_P_00001(__a=NT_0000_P_00002(__a=NT_0000_P_00002(__a=NT_0000_P_00000(__a=False, __b=56))), __b=17), __b=NT_0001_P_00000(__a=NT_0001_P_00001(__a=True)), __c=NT_0000_P_00001()), __c=5), __b=93), __b=NT_0008_P_00001(__a=NT_0006_P_00000(__a=26, __b=NT_0005_P_00001(__a=NT_0000_P_00000(__a=True, __b=18)), __c=NT_0000_P_00000(__a=False, __b=74)))), __b=NT_0001_P_00001(__a=True))"
66.0,9,18,51,28.766887664794922,27,"NT_0017_P_00000(__a=NT_0013_P_00001(__a=NT_0012_P_00002(__a=NT_0007_P_00000(__a=NT_0005_P_00002(__a=37), __b=NT_0003_P_00002(__a=NT_0003_P_00001(__a=NT_0000_P_00002(__a=NT_0000_P_00002(__a=NT_0000_P_00000(__a=False, __b=56))), __b=17), __b=NT_0001_P_00000(__a=NT_0001_P_00001(__a=True)), __c=NT_0000_P_00001()), __c=5), __b=93), __b=NT_0008_P_00001(__a=NT_0006_P_00000(__a=26, __b=NT_0005_P_00001(__a=NT_0000_P_00000(__a=True, __b=18)), __c=NT_0000_P_00000(__a=False, __b=74)))), __b=NT_0001_P_00001(__a=True))"
66.0,9,18,52,29.081236839294434,27,"NT_0017_P_00000(__a=NT_0013_P_00001(__a=NT_0012_P_00002(__a=NT_0007_P_00000(__a=NT_0005_P_00002(__a=37), __b=NT_0003_P_00002(__a=NT_0003_P_00001(__a=NT_0000_P_00002(__a=NT_0000_P_00002(__a=NT_0000_P_00000(__a=False, __b=56))), __b=17), __b=NT_0001_P_00000(__a=NT_0001_P_00001(__a=True)), __c=NT_0000_P_00001()), __c=5), __b=93), __b=NT_0008_P_00001(__a=NT_0006_P_00000(__a=26, __b=NT_0005_P_00001(__a=NT_0000_P_00000(__a=True, __b=18)), __c=NT_0000_P_00000(__a=False, __b=74)))), __b=NT_0001_P_00001(__a=True))"
66.0,9,18,53,29.559404134750366,27,"NT_0017_P_00000(__a=NT_0013_P_00001(__a=NT_0012_P_00002(__a=NT_0007_P_00000(__a=NT_0005_P_00002(__a=37), __b=NT_0003_P_00002(__a=NT_0003_P_00001(__a=NT_0000_P_00002(__a=NT_0000_P_00002(__a=NT_0000_P_00000(__a=False, __b=56))), __b=17), __b=NT_0001_P_00000(__a=NT_0001_P_00001(__a=True)), __c=NT_0000_P_00001()), __c=5), __b=93), __b=NT_0008_P_00001(__a=NT_0006_P_00000(__a=26, __b=NT_0005_P_00001(__a=NT_0000_P_00000(__a=True, __b=18)), __c=NT_0000_P_00000(__a=False, __b=74)))), __b=NT_0001_P_00001(__a=True))"
66.0,9,18,54,29.97008442878723,27,"NT_0017_P_00000(__a=NT_0013_P_00001(__a=NT_0012_P_00002(__a=NT_0007_P_00000(__a=NT_0005_P_00002(__a=37), __b=NT_0003_P_00002(__a=NT_0003_P_00001(__a=NT_0000_P_00002(__a=NT_0000_P_00002(__a=NT_0000_P_00000(__a=False, __b=56))), __b=17), __b=NT_0001_P_00000(__a=NT_0001_P_00001(__a=True)), __c=NT_0000_P_00001()), __c=5), __b=93), __b=NT_0008_P_00001(__a=NT_0006_P_00000(__a=26, __b=NT_0005_P_00001(__a=NT_0000_P_00000(__a=True, __b=18)), __c=NT_0000_P_00000(__a=False, __b=74)))), __b=NT_0001_P_00001(__a=True))"
66.0,9,18,55,30.341115474700928,27,"NT_0017_P_00000(__a=NT_0013_P_00001(__a=NT_0012_P_00002(__a=NT_0007_P_00000(__a=NT_0005_P_00002(__a=37), __b=NT_0003_P_00002(__a=NT_0003_P_00001(__a=NT_0000_P_00002(__a=NT_0000_P_00002(__a=NT_0000_P_00000(__a=False, __b=56))), __b=17), __b=NT_0001_P_00000(__a=NT_0001_P_00001(__a=True)), __c=NT_0000_P_00001()), __c=5), __b=93), __b=NT_0008_P_00001(__a=NT_0006_P_00000(__a=26, __b=NT_0005_P_00001(__a=NT_0000_P_00000(__a=True, __b=18)), __c=NT_0000_P_00000(__a=False, __b=74)))), __b=NT_0001_P_00001(__a=True))"
66.0,9,18,56,30.595391035079956,27,"NT_0017_P_00000(__a=NT_0013_P_00001(__a=NT_0012_P_00002(__a=NT_0007_P_00000(__a=NT_0005_P_00002(__a=37), __b=NT_0003_P_00002(__a=NT_0003_P_00001(__a=NT_0000_P_00002(__a=NT_0000_P_00002(__a=NT_0000_P_00000(__a=False, __b=56))), __b=17), __b=NT_0001_P_00000(__a=NT_0001_P_00001(__a=True)), __c=NT_0000_P_00001()), __c=5), __b=93), __b=NT_0008_P_00001(__a=NT_0006_P_00000(__a=26, __b=NT_0005_P_00001(__a=NT_0000_P_00000(__a=True, __b=18)), __c=NT_0000_P_00000(__a=False, __b=74)))), __b=NT_0001_P_00001(__a=True))"
66.0,9,18,57,30.943866968154907,27,"NT_0017_P_00000(__a=NT_0013_P_00001(__a=NT_0012_P_00002(__a=NT_0007_P_00000(__a=NT_0005_P_00002(__a=37), __b=NT_0003_P_00002(__a=NT_0003_P_00001(__a=NT_0000_P_00002(__a=NT_0000_P_00002(__a=NT_0000_P_00000(__a=False, __b=56))), __b=17), __b=NT_0001_P_00000(__a=NT_0001_P_00001(__a=True)), __c=NT_0000_P_00001()), __c=5), __b=93), __b=NT_0008_P_00001(__a=NT_0006_P_00000(__a=26, __b=NT_0005_P_00001(__a=NT_0000_P_00000(__a=True, __b=18)), __c=NT_0000_P_00000(__a=False, __b=74)))), __b=NT_0001_P_00001(__a=True))"
66.0,9,18,58,31.2387056350708,27,"NT_0017_P_00000(__a=NT_0013_P_00001(__a=NT_0012_P_00002(__a=NT_0007_P_00000(__a=NT_0005_P_00002(__a=37), __b=NT_0003_P_00002(__a=NT_0003_P_00001(__a=NT_0000_P_00002(__a=NT_0000_P_00002(__a=NT_0000_P_00000(__a=False, __b=56))), __b=17), __b=NT_0001_P_00000(__a=NT_0001_P_00001(__a=True)), __c=NT_0000_P_00001()), __c=5), __b=93), __b=NT_0008_P_00001(__a=NT_0006_P_00000(__a=26, __b=NT_0005_P_00001(__a=NT_0000_P_00000(__a=True, __b=18)), __c=NT_0000_P_00000(__a=False, __b=74)))), __b=NT_0001_P_00001(__a=True))"
66.0,9,18,59,31.762305736541748,27,"NT_0017_P_00000(__a=NT_0013_P_00001(__a=NT_0012_P_00002(__a=NT_0007_P_00000(__a=NT_0005_P_00002(__a=37), __b=NT_0003_P_00002(__a=NT_0003_P_00001(__a=NT_0000_P_00002(__a=NT_0000_P_00002(__a=NT_0000_P_00000(__a=False, __b=56))), __b=17), __b=NT_0001_P_00000(__a=NT_0001_P_00001(__a=True)), __c=NT_0000_P_00001()), __c=5), __b=93), __b=NT_0008_P_00001(__a=NT_0006_P_00000(__a=26, __b=NT_0005_P_00001(__a=NT_0000_P_00000(__a=True, __b=18)), __c=NT_0000_P_00000(__a=False, __b=74)))), __b=NT_0001_P_00001(__a=True))"
66.0,9,18,60,32.067755937576294,27,"NT_0017_P_00000(__a=NT_0013_P_00001(__a=NT_0012_P_00002(__a=NT_0007_P_00000(__a=NT_0005_P_00002(__a=37), __b=NT_0003_P_00002(__a=NT_0003_P_00001(__a=NT_0000_P_00002(__a=NT_0000_P_00002(__a=NT_0000_P_00000(__a=False, __b=56))), __b=17), __b=NT_0001_P_00000(__a=NT_0001_P_00001(__a=True)), __c=NT_0000_P_00001()), __c=5), __b=93), __b=NT_0008_P_00001(__a=NT_0006_P_00000(__a=26, __b=NT_0005_P_00001(__a=NT_0000_P_00000(__a=True, __b=18)), __c=NT_0000_P_00000(__a=False, __b=74)))), __b=NT_0001_P_00001(__a=True))"
66.0,9,18,61,32.41964054107666,27,"NT_0017_P_00000(__a=NT_0013_P_00001(__a=NT_0012_P_00002(__a=NT_0007_P_00000(__a=NT_0005_P_00002(__a=37), __b=NT_0003_P_00002(__a=NT_0003_P_00001(__a=NT_0000_P_00002(__a=NT_0000_P_00002(__a=NT_0000_P_00000(__a=False, __b=56))), __b=17), __b=NT_0001_P_00000(__a=NT_0001_P_00001(__a=True)), __c=NT_0000_P_00001()), __c=5), __b=93), __b=NT_0008_P_00001(__a=NT_0006_P_00000(__a=26, __b=NT_0005_P_00001(__a=NT_0000_P_00000(__a=True, __b=18)), __c=NT_0000_P_00000(__a=False, __b=74)))), __b=NT_0001_P_00001(__a=True))"
66.0,9,18,62,32.65817213058472,27,"NT_0017_P_00000(__a=NT_0013_P_00001(__a=NT_0012_P_00002(__a=NT_0007_P_00000(__a=NT_0005_P_00002(__a=37), __b=NT_0003_P_00002(__a=NT_0003_P_00001(__a=NT_0000_P_00002(__a=NT_0000_P_00002(__a=NT_0000_P_00000(__a=False, __b=56))), __b=17), __b=NT_0001_P_00000(__a=NT_0001_P_00001(__a=True)), __c=NT_0000_P_00001()), __c=5), __b=93), __b=NT_0008_P_00001(__a=NT_0006_P_00000(__a=26, __b=NT_0005_P_00001(__a=NT_0000_P_00000(__a=True, __b=18)), __c=NT_0000_P_00000(__a=False, __b=74)))), __b=NT_0001_P_00001(__a=True))"
66.0,9,18,63,32.94773578643799,27,"NT_0017_P_00000(__a=NT_0013_P_00001(__a=NT_0012_P_00002(__a=NT_0007_P_00000(__a=NT_0005_P_00002(__a=37), __b=NT_0003_P_00002(__a=NT_0003_P_00001(__a=NT_0000_P_00002(__a=NT_0000_P_00002(__a=NT_0000_P_00000(__a=False, __b=56))), __b=17), __b=NT_0001_P_00000(__a=NT_0001_P_00001(__a=True)), __c=NT_0000_P_00001()), __c=5), __b=93), __b=NT_0008_P_00001(__a=NT_0006_P_00000(__a=26, __b=NT_0005_P_00001(__a=NT_0000_P_00000(__a=True, __b=18)), __c=NT_0000_P_00000(__a=False, __b=74)))), __b=NT_0001_P_00001(__a=True))"
66.0,9,18,64,33.21624231338501,27,"NT_0017_P_00000(__a=NT_0013_P_00001(__a=NT_0012_P_00002(__a=NT_0007_P_00000(__a=NT_0005_P_00002(__a=37), __b=NT_0003_P_00002(__a=NT_0003_P_00001(__a=NT_0000_P_00002(__a=NT_0000_P_00002(__a=NT_0000_P_00000(__a=False, __b=56))), __b=17), __b=NT_0001_P_00000(__a=NT_0001_P_00001(__a=True)), __c=NT_0000_P_00001()), __c=5), __b=93), __b=NT_0008_P_00001(__a=NT_0006_P_00000(__a=26, __b=NT_0005_P_00001(__a=NT_0000_P_00000(__a=True, __b=18)), __c=NT_0000_P_00000(__a=False, __b=74)))), __b=NT_0001_P_00001(__a=True))"
66.0,9,18,65,33.528700828552246,27,"NT_0017_P_00000(__a=NT_0013_P_00001(__a=NT_0012_P_00002(__a=NT_0007_P_00000(__a=NT_0005_P_00002(__a=37), __b=NT_0003_P_00002(__a=NT_0003_P_00001(__a=NT_0000_P_00002(__a=NT_0000_P_00002(__a=NT_0000_P_00000(__a=False, __b=56))), __b=17), __b=NT_0001_P_00000(__a=NT_0001_P_00001(__a=True)), __c=NT_0000_P_00001()), __c=5), __b=93), __b=NT_0008_P_00001(__a=NT_0006_P_00000(__a=26, __b=NT_0005_P_00001(__a=NT_0000_P_00000(__a=True, __b=18)), __c=NT_0000_P_00000(__a=False, __b=74)))), __b=NT_0001_P_00001(__a=True))"
66.0,9,18,66,33.770405769348145,27,"NT_0017_P_00000(__a=NT_0013_P_00001(__a=NT_0012_P_00002(__a=NT_0007_P_00000(__a=NT_0005_P_00002(__a=37), __b=NT_0003_P_00002(__a=NT_0003_P_00001(__a=NT_0000_P_00002(__a=NT_0000_P_00002(__a=NT_0000_P_00000(__a=False, __b=56))), __b=17), __b=NT_0001_P_00000(__a=NT_0001_P_00001(__a=True)), __c=NT_0000_P_00001()), __c=5), __b=93), __b=NT_0008_P_00001(__a=NT_0006_P_00000(__a=26, __b=NT_0005_P_00001(__a=NT_0000_P_00000(__a=True, __b=18)), __c=NT_0000_P_00000(__a=False, __b=74)))), __b=NT_0001_P_00001(__a=True))"
66.0,9,18,67,34.16627264022827,27,"NT_0017_P_00000(__a=NT_0013_P_00001(__a=NT_0012_P_00002(__a=NT_0007_P_00000(__a=NT_0005_P_00002(__a=37), __b=NT_0003_P_00002(__a=NT_0003_P_00001(__a=NT_0000_P_00002(__a=NT_0000_P_00002(__a=NT_0000_P_00000(__a=False, __b=56))), __b=17), __b=NT_0001_P_00000(__a=NT_0001_P_00001(__a=True)), __c=NT_0000_P_00001()), __c=5), __b=93), __b=NT_0008_P_00001(__a=NT_0006_P_00000(__a=26, __b=NT_0005_P_00001(__a=NT_0000_P_00000(__a=True, __b=18)), __c=NT_0000_P_00000(__a=False, __b=74)))), __b=NT_0001_P_00001(__a=True))"
66.0,9,18,68,34.44247913360596,27,"NT_0017_P_00000(__a=NT_0013_P_00001(__a=NT_0012_P_00002(__a=NT_0007_P_00000(__a=NT_0005_P_00002(__a=37), __b=NT_0003_P_00002(__a=NT_0003_P_00001(__a=NT_0000_P_00002(__a=NT_0000_P_00002(__a=NT_0000_P_00000(__a=False, __b=56))), __b=17), __b=NT_0001_P_00000(__a=NT_0001_P_00001(__a=True)), __c=NT_0000_P_00001()), __c=5), __b=93), __b=NT_0008_P_00001(__a=NT_0006_P_00000(__a=26, __b=NT_0005_P_00001(__a=NT_0000_P_00000(__a=True, __b=18)), __c=NT_0000_P_00000(__a=False, __b=74)))), __b=NT_0001_P_00001(__a=True))"
66.0,9,18,69,34.73051571846008,27,"NT_0017_P_00000(__a=NT_0013_P_00001(__a=NT_0012_P_00002(__a=NT_0007_P_00000(__a=NT_0005_P_00002(__a=37), __b=NT_0003_P_00002(__a=NT_0003_P_00001(__a=NT_0000_P_00002(__a=NT_0000_P_00002(__a=NT_0000_P_00000(__a=False, __b=56))), __b=17), __b=NT_0001_P_00000(__a=NT_0001_P_00001(__a=True)), __c=NT_0000_P_00001()), __c=5), __b=93), __b=NT_0008_P_00001(__a=NT_0006_P_00000(__a=26, __b=NT_0005_P_00001(__a=NT_0000_P_00000(__a=True, __b=18)), __c=NT_0000_P_00000(__a=False, __b=74)))), __b=NT_0001_P_00001(__a=True))"
66.0,9,18,70,35.00436353683472,27,"NT_0017_P_00000(__a=NT_0013_P_00001(__a=NT_0012_P_00002(__a=NT_0007_P_00000(__a=NT_0005_P_00002(__a=37), __b=NT_0003_P_00002(__a=NT_0003_P_00001(__a=NT_0000_P_00002(__a=NT_0000_P_00002(__a=NT_0000_P_00000(__a=False, __b=56))), __b=17), __b=NT_0001_P_00000(__a=NT_0001_P_00001(__a=True)), __c=NT_0000_P_00001()), __c=5), __b=93), __b=NT_0008_P_00001(__a=NT_0006_P_00000(__a=26, __b=NT_0005_P_00001(__a=NT_0000_P_00000(__a=True, __b=18)), __c=NT_0000_P_00000(__a=False, __b=74)))), __b=NT_0001_P_00001(__a=True))"
66.0,9,18,71,35.31946921348572,27,"NT_0017_P_00000(__a=NT_0013_P_00001(__a=NT_0012_P_00002(__a=NT_0007_P_00000(__a=NT_0005_P_00002(__a=37), __b=NT_0003_P_00002(__a=NT_0003_P_00001(__a=NT_0000_P_00002(__a=NT_0000_P_00002(__a=NT_0000_P_00000(__a=False, __b=56))), __b=17), __b=NT_0001_P_00000(__a=NT_0001_P_00001(__a=True)), __c=NT_0000_P_00001()), __c=5), __b=93), __b=NT_0008_P_00001(__a=NT_0006_P_00000(__a=26, __b=NT_0005_P_00001(__a=NT_0000_P_00000(__a=True, __b=18)), __c=NT_0000_P_00000(__a=False, __b=74)))), __b=NT_0001_P_00001(__a=True))"
66.0,9,18,72,35.56554079055786,27,"NT_0017_P_00000(__a=NT_0013_P_00001(__a=NT_0012_P_00002(__a=NT_0007_P_00000(__a=NT_0005_P_00002(__a=37), __b=NT_0003_P_00002(__a=NT_0003_P_00001(__a=NT_0000_P_00002(__a=NT_0000_P_00002(__a=NT_0000_P_00000(__a=False, __b=56))), __b=17), __b=NT_0001_P_00000(__a=NT_0001_P_00001(__a=True)), __c=NT_0000_P_00001()), __c=5), __b=93), __b=NT_0008_P_00001(__a=NT_0006_P_00000(__a=26, __b=NT_0005_P_00001(__a=NT_0000_P_00000(__a=True, __b=18)), __c=NT_0000_P_00000(__a=False, __b=74)))), __b=NT_0001_P_00001(__a=True))"
66.0,9,18,73,35.78206181526184,27,"NT_0017_P_00000(__a=NT_0013_P_00001(__a=NT_0012_P_00002(__a=NT_0007_P_00000(__a=NT_0005_P_00002(__a=37), __b=NT_0003_P_00002(__a=NT_0003_P_00001(__a=NT_0000_P_00002(__a=NT_0000_P_00002(__a=NT_0000_P_00000(__a=False, __b=56))), __b=17), __b=NT_0001_P_00000(__a=NT_0001_P_00001(__a=True)), __c=NT_0000_P_00001()), __c=5), __b=93), __b=NT_0008_P_00001(__a=NT_0006_P_00000(__a=26, __b=NT_0005_P_00001(__a=NT_0000_P_00000(__a=True, __b=18)), __c=NT_0000_P_00000(__a=False, __b=74)))), __b=NT_0001_P_00001(__a=True))"
66.0,9,18,74,36.05960297584534,27,"NT_0017_P_00000(__a=NT_0013_P_00001(__a=NT_0012_P_00002(__a=NT_0007_P_00000(__a=NT_0005_P_00002(__a=37), __b=NT_0003_P_00002(__a=NT_0003_P_00001(__a=NT_0000_P_00002(__a=NT_0000_P_00002(__a=NT_0000_P_00000(__a=False, __b=56))), __b=17), __b=NT_0001_P_00000(__a=NT_0001_P_00001(__a=True)), __c=NT_0000_P_00001()), __c=5), __b=93), __b=NT_0008_P_00001(__a=NT_0006_P_00000(__a=26, __b=NT_0005_P_00001(__a=NT_0000_P_00000(__a=True, __b=18)), __c=NT_0000_P_00000(__a=False, __b=74)))), __b=NT_0001_P_00001(__a=True))"
66.0,9,18,75,36.436763763427734,27,"NT_0017_P_00000(__a=NT_0013_P_00001(__a=NT_0012_P_00002(__a=NT_0007_P_00000(__a=NT_0005_P_00002(__a=37), __b=NT_0003_P_00002(__a=NT_0003_P_00001(__a=NT_0000_P_00002(__a=NT_0000_P_00002(__a=NT_0000_P_00000(__a=False, __b=56))), __b=17), __b=NT_0001_P_00000(__a=NT_0001_P_00001(__a=True)), __c=NT_0000_P_00001()), __c=5), __b=93), __b=NT_0008_P_00001(__a=NT_0006_P_00000(__a=26, __b=NT_0005_P_00001(__a=NT_0000_P_00000(__a=True, __b=18)), __c=NT_0000_P_00000(__a=False, __b=74)))), __b=NT_0001_P_00001(__a=True))"
66.0,9,18,76,36.7025043964386,27,"NT_0017_P_00000(__a=NT_0013_P_00001(__a=NT_0012_P_00002(__a=NT_0007_P_00000(__a=NT_0005_P_00002(__a=37), __b=NT_0003_P_00002(__a=NT_0003_P_00001(__a=NT_0000_P_00002(__a=NT_0000_P_00002(__a=NT_0000_P_00000(__a=False, __b=56))), __b=17), __b=NT_0001_P_00000(__a=NT_0001_P_00001(__a=True)), __c=NT_0000_P_00001()), __c=5), __b=93), __b=NT_0008_P_00001(__a=NT_0006_P_00000(__a=26, __b=NT_0005_P_00001(__a=NT_0000_P_00000(__a=True, __b=18)), __c=NT_0000_P_00000(__a=False, __b=74)))), __b=NT_0001_P_00001(__a=True))"
66.0,9,18,77,36.926156997680664,27,"NT_0017_P_00000(__a=NT_0013_P_00001(__a=NT_0012_P_00002(__a=NT_0007_P_00000(__a=NT_0005_P_00002(__a=37), __b=NT_0003_P_00002(__a=NT_0003_P_00001(__a=NT_0000_P_00002(__a=NT_0000_P_00002(__a=NT_0000_P_00000(__a=False, __b=56))), __b=17), __b=NT_0001_P_00000(__a=NT_0001_P_00001(__a=True)), __c=NT_0000_P_00001()), __c=5), __b=93), __b=NT_0008_P_00001(__a=NT_0006_P_00000(__a=26, __b=NT_0005_P_00001(__a=NT_0000_P_00000(__a=True, __b=18)), __c=NT_0000_P_00000(__a=False, __b=74)))), __b=NT_0001_P_00001(__a=True))"
66.0,9,18,78,37.17712354660034,27,"NT_0017_P_00000(__a=NT_0013_P_00001(__a=NT_0012_P_00002(__a=NT_0007_P_00000(__a=NT_0005_P_00002(__a=37), __b=NT_0003_P_00002(__a=NT_0003_P_00001(__a=NT_0000_P_00002(__a=NT_0000_P_00002(__a=NT_0000_P_00000(__a=False, __b=56))), __b=17), __b=NT_0001_P_00000(__a=NT_0001_P_00001(__a=True)), __c=NT_0000_P_00001()), __c=5), __b=93), __b=NT_0008_P_00001(__a=NT_0006_P_00000(__a=26, __b=NT_0005_P_00001(__a=NT_0000_P_00000(__a=True, __b=18)), __c=NT_0000_P_00000(__a=False, __b=74)))), __b=NT_0001_P_00001(__a=True))"
66.0,9,18,79,37.436174392700195,27,"NT_0017_P_00000(__a=NT_0013_P_00001(__a=NT_0012_P_00002(__a=NT_0007_P_00000(__a=NT_0005_P_00002(__a=37), __b=NT_0003_P_00002(__a=NT_0003_P_00001(__a=NT_0000_P_00002(__a=NT_0000_P_00002(__a=NT_0000_P_00000(__a=False, __b=56))), __b=17), __b=NT_0001_P_00000(__a=NT_0001_P_00001(__a=True)), __c=NT_0000_P_00001()), __c=5), __b=93), __b=NT_0008_P_00001(__a=NT_0006_P_00000(__a=26, __b=NT_0005_P_00001(__a=NT_0000_P_00000(__a=True, __b=18)), __c=NT_0000_P_00000(__a=False, __b=74)))), __b=NT_0001_P_00001(__a=True))"
66.0,9,18,80,37.717371702194214,27,"NT_0017_P_00000(__a=NT_0013_P_00001(__a=NT_0012_P_00002(__a=NT_0007_P_00000(__a=NT_0005_P_00002(__a=37), __b=NT_0003_P_00002(__a=NT_0003_P_00001(__a=NT_0000_P_00002(__a=NT_0000_P_00002(__a=NT_0000_P_00000(__a=False, __b=56))), __b=17), __b=NT_0001_P_00000(__a=NT_0001_P_00001(__a=True)), __c=NT_0000_P_00001()), __c=5), __b=93), __b=NT_0008_P_00001(__a=NT_0006_P_00000(__a=26, __b=NT_0005_P_00001(__a=NT_0000_P_00000(__a=True, __b=18)), __c=NT_0000_P_00000(__a=False, __b=74)))), __b=NT_0001_P_00001(__a=True))"
66.0,9,18,81,37.95909333229065,27,"NT_0017_P_00000(__a=NT_0013_P_00001(__a=NT_0012_P_00002(__a=NT_0007_P_00000(__a=NT_0005_P_00002(__a=37), __b=NT_0003_P_00002(__a=NT_0003_P_00001(__a=NT_0000_P_00002(__a=NT_0000_P_00002(__a=NT_0000_P_00000(__a=False, __b=56))), __b=17), __b=NT_0001_P_00000(__a=NT_0001_P_00001(__a=True)), __c=NT_0000_P_00001()), __c=5), __b=93), __b=NT_0008_P_00001(__a=NT_0006_P_00000(__a=26, __b=NT_0005_P_00001(__a=NT_0000_P_00000(__a=True, __b=18)), __c=NT_0000_P_00000(__a=False, __b=74)))), __b=NT_0001_P_00001(__a=True))"
66.0,9,18,82,38.171175718307495,27,"NT_0017_P_00000(__a=NT_0013_P_00001(__a=NT_0012_P_00002(__a=NT_0007_P_00000(__a=NT_0005_P_00002(__a=37), __b=NT_0003_P_00002(__a=NT_0003_P_00001(__a=NT_0000_P_00002(__a=NT_0000_P_00002(__a=NT_0000_P_00000(__a=False, __b=56))), __b=17), __b=NT_0001_P_00000(__a=NT_0001_P_00001(__a=True)), __c=NT_0000_P_00001()), __c=5), __b=93), __b=NT_0008_P_00001(__a=NT_0006_P_00000(__a=26, __b=NT_0005_P_00001(__a=NT_0000_P_00000(__a=True, __b=18)), __c=NT_0000_P_00000(__a=False, __b=74)))), __b=NT_0001_P_00001(__a=True))"
66.0,9,18,83,38.46113038063049,27,"NT_0017_P_00000(__a=NT_0013_P_00001(__a=NT_0012_P_00002(__a=NT_0007_P_00000(__a=NT_0005_P_00002(__a=37), __b=NT_0003_P_00002(__a=NT_0003_P_00001(__a=NT_0000_P_00002(__a=NT_0000_P_00002(__a=NT_0000_P_00000(__a=False, __b=56))), __b=17), __b=NT_0001_P_00000(__a=NT_0001_P_00001(__a=True)), __c=NT_0000_P_00001()), __c=5), __b=93), __b=NT_0008_P_00001(__a=NT_0006_P_00000(__a=26, __b=NT_0005_P_00001(__a=NT_0000_P_00000(__a=True, __b=18)), __c=NT_0000_P_00000(__a=False, __b=74)))), __b=NT_0001_P_00001(__a=True))"
66.0,9,18,84,38.72582459449768,27,"NT_0017_P_00000(__a=NT_0013_P_00001(__a=NT_0012_P_00002(__a=NT_0007_P_00000(__a=NT_0005_P_00002(__a=37), __b=NT_0003_P_00002(__a=NT_0003_P_00001(__a=NT_0000_P_00002(__a=NT_0000_P_00002(__a=NT_0000_P_00000(__a=False, __b=56))), __b=17), __b=NT_0001_P_00000(__a=NT_0001_P_00001(__a=True)), __c=NT_0000_P_00001()), __c=5), __b=93), __b=NT_0008_P_00001(__a=NT_0006_P_00000(__a=26, __b=NT_0005_P_00001(__a=NT_0000_P_00000(__a=True, __b=18)), __c=NT_0000_P_00000(__a=False, __b=74)))), __b=NT_0001_P_00001(__a=True))"
66.0,9,18,85,38.999874114990234,27,"NT_0017_P_00000(__a=NT_0013_P_00001(__a=NT_0012_P_00002(__a=NT_0007_P_00000(__a=NT_0005_P_00002(__a=37), __b=NT_0003_P_00002(__a=NT_0003_P_00001(__a=NT_0000_P_00002(__a=NT_0000_P_00002(__a=NT_0000_P_00000(__a=False, __b=56))), __b=17), __b=NT_0001_P_00000(__a=NT_0001_P_00001(__a=True)), __c=NT_0000_P_00001()), __c=5), __b=93), __b=NT_0008_P_00001(__a=NT_0006_P_00000(__a=26, __b=NT_0005_P_00001(__a=NT_0000_P_00000(__a=True, __b=18)), __c=NT_0000_P_00000(__a=False, __b=74)))), __b=NT_0001_P_00001(__a=True))"
66.0,9,18,86,39.203782081604004,27,"NT_0017_P_00000(__a=NT_0013_P_00001(__a=NT_0012_P_00002(__a=NT_0007_P_00000(__a=NT_0005_P_00002(__a=37), __b=NT_0003_P_00002(__a=NT_0003_P_00001(__a=NT_0000_P_00002(__a=NT_0000_P_00002(__a=NT_0000_P_00000(__a=False, __b=56))), __b=17), __b=NT_0001_P_00000(__a=NT_0001_P_00001(__a=True)), __c=NT_0000_P_00001()), __c=5), __b=93), __b=NT_0008_P_00001(__a=NT_0006_P_00000(__a=26, __b=NT_0005_P_00001(__a=NT_0000_P_00000(__a=True, __b=18)), __c=NT_0000_P_00000(__a=False, __b=74)))), __b=NT_0001_P_00001(__a=True))"
66.0,9,18,87,39.397133350372314,27,"NT_0017_P_00000(__a=NT_0013_P_00001(__a=NT_0012_P_00002(__a=NT_0007_P_00000(__a=NT_0005_P_00002(__a=37), __b=NT_0003_P_00002(__a=NT_0003_P_00001(__a=NT_0000_P_00002(__a=NT_0000_P_00002(__a=NT_0000_P_00000(__a=False, __b=56))), __b=17), __b=NT_0001_P_00000(__a=NT_0001_P_00001(__a=True)), __c=NT_0000_P_00001()), __c=5), __b=93), __b=NT_0008_P_00001(__a=NT_0006_P_00000(__a=26, __b=NT_0005_P_00001(__a=NT_0000_P_00000(__a=True, __b=18)), __c=NT_0000_P_00000(__a=False, __b=74)))), __b=NT_0001_P_00001(__a=True))"
66.0,9,18,88,39.66929054260254,27,"NT_0017_P_00000(__a=NT_0013_P_00001(__a=NT_0012_P_00002(__a=NT_0007_P_00000(__a=NT_0005_P_00002(__a=37), __b=NT_0003_P_00002(__a=NT_0003_P_00001(__a=NT_0000_P_00002(__a=NT_0000_P_00002(__a=NT_0000_P_00000(__a=False, __b=56))), __b=17), __b=NT_0001_P_00000(__a=NT_0001_P_00001(__a=True)), __c=NT_0000_P_00001()), __c=5), __b=93), __b=NT_0008_P_00001(__a=NT_0006_P_00000(__a=26, __b=NT_0005_P_00001(__a=NT_0000_P_00000(__a=True, __b=18)), __c=NT_0000_P_00000(__a=False, __b=74)))), __b=NT_0001_P_00001(__a=True))"
66.0,9,18,89,39.91583800315857,27,"NT_0017_P_00000(__a=NT_0013_P_00001(__a=NT_0012_P_00002(__a=NT_0007_P_00000(__a=NT_0005_P_00002(__a=37), __b=NT_0003_P_00002(__a=NT_0003_P_00001(__a=NT_0000_P_00002(__a=NT_0000_P_00002(__a=NT_0000_P_00000(__a=False, __b=56))), __b=17), __b=NT_0001_P_00000(__a=NT_0001_P_00001(__a=True)), __c=NT_0000_P_00001()), __c=5), __b=93), __b=NT_0008_P_00001(__a=NT_0006_P_00000(__a=26, __b=NT_0005_P_00001(__a=NT_0000_P_00000(__a=True, __b=18)), __c=NT_0000_P_00000(__a=False, __b=74)))), __b=NT_0001_P_00001(__a=True))"
66.0,9,18,90,40.12310194969177,27,"NT_0017_P_00000(__a=NT_0013_P_00001(__a=NT_0012_P_00002(__a=NT_0007_P_00000(__a=NT_0005_P_00002(__a=37), __b=NT_0003_P_00002(__a=NT_0003_P_00001(__a=NT_0000_P_00002(__a=NT_0000_P_00002(__a=NT_0000_P_00000(__a=False, __b=56))), __b=17), __b=NT_0001_P_00000(__a=NT_0001_P_00001(__a=True)), __c=NT_0000_P_00001()), __c=5), __b=93), __b=NT_0008_P_00001(__a=NT_0006_P_00000(__a=26, __b=NT_0005_P_00001(__a=NT_0000_P_00000(__a=True, __b=18)), __c=NT_0000_P_00000(__a=False, __b=74)))), __b=NT_0001_P_00001(__a=True))"
66.0,9,18,91,40.33818435668945,27,"NT_0017_P_00000(__a=NT_0013_P_00001(__a=NT_0012_P_00002(__a=NT_0007_P_00000(__a=NT_0005_P_00002(__a=37), __b=NT_0003_P_00002(__a=NT_0003_P_00001(__a=NT_0000_P_00002(__a=NT_0000_P_00002(__a=NT_0000_P_00000(__a=False, __b=56))), __b=17), __b=NT_0001_P_00000(__a=NT_0001_P_00001(__a=True)), __c=NT_0000_P_00001()), __c=5), __b=93), __b=NT_0008_P_00001(__a=NT_0006_P_00000(__a=26, __b=NT_0005_P_00001(__a=NT_0000_P_00000(__a=True, __b=18)), __c=NT_0000_P_00000(__a=False, __b=74)))), __b=NT_0001_P_00001(__a=True))"
66.0,9,18,92,40.5500545501709,27,"NT_0017_P_00000(__a=NT_0013_P_00001(__a=NT_0012_P_00002(__a=NT_0007_P_00000(__a=NT_0005_P_00002(__a=37), __b=NT_0003_P_00002(__a=NT_0003_P_00001(__a=NT_0000_P_00002(__a=NT_0000_P_00002(__a=NT_0000_P_00000(__a=False, __b=56))), __b=17), __b=NT_0001_P_00000(__a=NT_0001_P_00001(__a=True)), __c=NT_0000_P_00001()), __c=5), __b=93), __b=NT_0008_P_00001(__a=NT_0006_P_00000(__a=26, __b=NT_0005_P_00001(__a=NT_0000_P_00000(__a=True, __b=18)), __c=NT_0000_P_00000(__a=False, __b=74)))), __b=NT_0001_P_00001(__a=True))"
66.0,9,18,93,40.81933069229126,27,"NT_0017_P_00000(__a=NT_0013_P_00001(__a=NT_0012_P_00002(__a=NT_0007_P_00000(__a=NT_0005_P_00002(__a=37), __b=NT_0003_P_00002(__a=NT_0003_P_00001(__a=NT_0000_P_00002(__a=NT_0000_P_00002(__a=NT_0000_P_00000(__a=False, __b=56))), __b=17), __b=NT_0001_P_00000(__a=NT_0001_P_00001(__a=True)), __c=NT_0000_P_00001()), __c=5), __b=93), __b=NT_0008_P_00001(__a=NT_0006_P_00000(__a=26, __b=NT_0005_P_00001(__a=NT_0000_P_00000(__a=True, __b=18)), __c=NT_0000_P_00000(__a=False, __b=74)))), __b=NT_0001_P_00001(__a=True))"
66.0,9,18,94,41.04991841316223,27,"NT_0017_P_00000(__a=NT_0013_P_00001(__a=NT_0012_P_00002(__a=NT_0007_P_00000(__a=NT_0005_P_00002(__a=37), __b=NT_0003_P_00002(__a=NT_0003_P_00001(__a=NT_0000_P_00002(__a=NT_0000_P_00002(__a=NT_0000_P_00000(__a=False, __b=56))), __b=17), __b=NT_0001_P_00000(__a=NT_0001_P_00001(__a=True)), __c=NT_0000_P_00001()), __c=5), __b=93), __b=NT_0008_P_00001(__a=NT_0006_P_00000(__a=26, __b=NT_0005_P_00001(__a=NT_0000_P_00000(__a=True, __b=18)), __c=NT_0000_P_00000(__a=False, __b=74)))), __b=NT_0001_P_00001(__a=True))"
66.0,9,18,95,41.21289134025574,27,"NT_0017_P_00000(__a=NT_0013_P_00001(__a=NT_0012_P_00002(__a=NT_0007_P_00000(__a=NT_0005_P_00002(__a=37), __b=NT_0003_P_00002(__a=NT_0003_P_00001(__a=NT_0000_P_00002(__a=NT_0000_P_00002(__a=NT_0000_P_00000(__a=False, __b=56))), __b=17), __b=NT_0001_P_00000(__a=NT_0001_P_00001(__a=True)), __c=NT_0000_P_00001()), __c=5), __b=93), __b=NT_0008_P_00001(__a=NT_0006_P_00000(__a=26, __b=NT_0005_P_00001(__a=NT_0000_P_00000(__a=True, __b=18)), __c=NT_0000_P_00000(__a=False, __b=74)))), __b=NT_0001_P_00001(__a=True))"
66.0,9,18,96,41.41600561141968,27,"NT_0017_P_00000(__a=NT_0013_P_00001(__a=NT_0012_P_00002(__a=NT_0007_P_00000(__a=NT_0005_P_00002(__a=37), __b=NT_0003_P_00002(__a=NT_0003_P_00001(__a=NT_0000_P_00002(__a=NT_0000_P_00002(__a=NT_0000_P_00000(__a=False, __b=56))), __b=17), __b=NT_0001_P_00000(__a=NT_0001_P_00001(__a=True)), __c=NT_0000_P_00001()), __c=5), __b=93), __b=NT_0008_P_00001(__a=NT_0006_P_00000(__a=26, __b=NT_0005_P_00001(__a=NT_0000_P_00000(__a=True, __b=18)), __c=NT_0000_P_00000(__a=False, __b=74)))), __b=NT_0001_P_00001(__a=True))"
66.0,9,18,97,41.61367106437683,27,"NT_0017_P_00000(__a=NT_0013_P_00001(__a=NT_0012_P_00002(__a=NT_0007_P_00000(__a=NT_0005_P_00002(__a=37), __b=NT_0003_P_00002(__a=NT_0003_P_00001(__a=NT_0000_P_00002(__a=NT_0000_P_00002(__a=NT_0000_P_00000(__a=False, __b=56))), __b=17), __b=NT_0001_P_00000(__a=NT_0001_P_00001(__a=True)), __c=NT_0000_P_00001()), __c=5), __b=93), __b=NT_0008_P_00001(__a=NT_0006_P_00000(__a=26, __b=NT_0005_P_00001(__a=NT_0000_P_00000(__a=True, __b=18)), __c=NT_0000_P_00000(__a=False, __b=74)))), __b=NT_0001_P_00001(__a=True))"
66.0,9,18,98,41.8081579208374,27,"NT_0017_P_00000(__a=NT_0013_P_00001(__a=NT_0012_P_00002(__a=NT_0007_P_00000(__a=NT_0005_P_00002(__a=37), __b=NT_0003_P_00002(__a=NT_0003_P_00001(__a=NT_0000_P_00002(__a=NT_0000_P_00002(__a=NT_0000_P_00000(__a=False, __b=56))), __b=17), __b=NT_0001_P_00000(__a=NT_0001_P_00001(__a=True)), __c=NT_0000_P_00001()), __c=5), __b=93), __b=NT_0008_P_00001(__a=NT_0006_P_00000(__a=26, __b=NT_0005_P_00001(__a=NT_0000_P_00000(__a=True, __b=18)), __c=NT_0000_P_00000(__a=False, __b=74)))), __b=NT_0001_P_00001(__a=True))"
66.0,9,18,99,41.96583580970764,27,"NT_0017_P_00000(__a=NT_0013_P_00001(__a=NT_0012_P_00002(__a=NT_0007_P_00000(__a=NT_0005_P_00002(__a=37), __b=NT_0003_P_00002(__a=NT_0003_P_00001(__a=NT_0000_P_00002(__a=NT_0000_P_00002(__a=NT_0000_P_00000(__a=False, __b=56))), __b=17), __b=NT_0001_P_00000(__a=NT_0001_P_00001(__a=True)), __c=NT_0000_P_00001()), __c=5), __b=93), __b=NT_0008_P_00001(__a=NT_0006_P_00000(__a=26, __b=NT_0005_P_00001(__a=NT_0000_P_00000(__a=True, __b=18)), __c=NT_0000_P_00000(__a=False, __b=74)))), __b=NT_0001_P_00001(__a=True))"
66.0,9,18,100,42.19254517555237,27,"NT_0017_P_00000(__a=NT_0013_P_00001(__a=NT_0012_P_00002(__a=NT_0007_P_00000(__a=NT_0005_P_00002(__a=37), __b=NT_0003_P_00002(__a=NT_0003_P_00001(__a=NT_0000_P_00002(__a=NT_0000_P_00002(__a=NT_0000_P_00000(__a=False, __b=56))), __b=17), __b=NT_0001_P_00000(__a=NT_0001_P_00001(__a=True)), __c=NT_0000_P_00001()), __c=5), __b=93), __b=NT_0008_P_00001(__a=NT_0006_P_00000(__a=26, __b=NT_0005_P_00001(__a=NT_0000_P_00000(__a=True, __b=18)), __c=NT_0000_P_00000(__a=False, __b=74)))), __b=NT_0001_P_00001(__a=True))"
